L	-0.0209	2.6280	1477010443300000	-0.0118	2.9997	-0.0785	0.9969
R	3.7767	1.6198	0.5642	1477010443700000	-0.0712	3.3950	-0.2028	0.9792
L	0.1183	3.9317	1477010444100000	-0.1797	3.7797	-0.3239	0.9461
R	3.7354	1.6589	1.3077	1477010444500000	-0.3356	4.1478	-0.4399	0.8980
L	-0.5495	4.3815	1477010444900000	-0.5364	4.4935	-0.5490	0.8358
R	5.2853	1.7923	0.8205	1477010445300000	-0.7789	4.8112	-0.6494	0.7604
L	-1.0789	5.2069	1477010445700000	-1.0593	5.0961	-0.7396	0.6730
R	4.9652	1.8448	1.2271	1477010446100000	-1.3732	5.3436	-0.8181	0.5750
L	-1.9665	5.4214	1477010446500000	-1.7157	5.5498	-0.8838	0.4679
R	6.3748	1.9357	0.2945	1477010446900000	-2.0813	5.7114	-0.9354	0.3535
L	-2.6192	5.7554	1477010447300000	-2.4643	5.8259	-0.9724	0.2334
R	6.4353	2.0803	0.2623	1477010447700000	-2.8586	5.8916	-0.9940	0.1097
L	-3.3303	5.8570	1477010448100000	-3.2580	5.9073	-0.9999	-0.0157
R	6.5800	2.1709	0.0489	1477010448500000	-3.6563	5.8728	-0.9900	-0.1409
L	-4.1984	5.7304	1477010448900000	-4.0471	5.7886	-0.9646	-0.2639
R	6.9461	2.2734	0.6772	1477010449300000	-4.4242	5.6562	-0.9239	-0.3827
L	-4.6380	5.4798	1477010449700000	-4.7818	5.4775	-0.8686	-0.4955
R	7.7267	2.3379	0.1062	1477010450100000	-5.1142	5.2554	-0.7997	-0.6004
L	-5.4869	4.9046	1477010450500000	-5.4161	4.9934	-0.7181	-0.6959
R	7.3943	2.4210	0.2937	1477010450900000	-5.6828	4.6957	-0.6253	-0.7804
L	-5.9504	4.2844	1477010451300000	-5.9101	4.3668	-0.5225	-0.8526
R	7.4407	2.5640	0.0971	1477010451700000	-6.0944	4.0121	-0.4115	-0.9114
L	-6.3439	3.5558	1477010452100000	-6.2327	3.6371	-0.2941	-0.9558
R	7.0026	2.6799	-0.2629	1477010452500000	-6.3230	3.2476	-0.1719	-0.9851
L	-6.3136	2.7657	1477010452900000	-6.3637	2.8500	-0.0471	-0.9989
R	7.1824	2.7950	-0.4449	1477010453300000	-6.3543	2.4503	0.0784	-0.9969
L	-6.4495	2.0333	1477010453700000	-6.2949	2.0550	0.2028	-0.9792
R	5.9799	2.8596	-0.2802	1477010454100000	-6.1864	1.6703	0.3239	-0.9461
L	-6.0335	1.2690	1477010454500000	-6.0305	1.3022	0.4399	-0.8980
R	5.5264	2.9435	-1.2142	1477010454900000	-5.8297	0.9566	0.5490	-0.8358
L	-5.5404	0.7113	1477010455300000	-5.5872	0.6388	0.6494	-0.7604
R	5.5560	3.0847	-0.3616	1477010455700000	-5.3068	0.3539	0.7396	-0.6730
L	-4.9988	0.1274	1477010456100000	-4.9928	0.1064	0.8181	-0.5750
R	4.4706	-3.0913	-0.6155	1477010456500000	-4.6504	-0.0997	0.8838	-0.4680
L	-4.3841	-0.2688	1477010456900000	-4.2848	-0.2614	0.9354	-0.3535
R	3.9480	-3.0498	-0.5691	1477010457300000	-3.9018	-0.3759	0.9724	-0.2335
L	-3.4003	-0.3278	1477010457700000	-3.5075	-0.4416	0.9940	-0.1098
R	3.2331	-2.9849	-0.8584	1477010458100000	-3.1080	-0.4572	0.9999	0.0157
L	-2.7865	-0.2709	1477010458500000	-2.7098	-0.4228	0.9900	0.1409
R	2.1721	-2.9214	-0.8711	1477010458900000	-2.3190	-0.3386	0.9646	0.2638
L	-1.7367	-0.3074	1477010459300000	-1.9419	-0.2062	0.9239	0.3827
R	1.7629	-3.1387	-1.1555	1477010459700000	-1.5843	-0.0275	0.8686	0.4954
L	-1.1534	0.1621	1477010460100000	-1.2519	0.1946	0.7997	0.6004
R	1.1468	2.7194	-0.8842	1477010460500000	-0.9500	0.4566	0.7181	0.6959
L	-0.7234	0.7221	1477010460900000	-0.6833	0.7543	0.6253	0.7804
R	0.9153	1.9895	0.5073	1477010461300000	-0.4560	1.0832	0.5225	0.8526
L	-0.2853	1.4257	1477010461700000	-0.2717	1.4379	0.4115	0.9114
R	2.3347	1.6439	1.0841	1477010462100000	-0.1334	1.8130	0.2941	0.9558
L	-0.2285	2.2766	1477010462500000	-0.0431	2.2024	0.1720	0.9851
R	2.3517	1.5453	1.4806	1477010462900000	-0.0024	2.6000	0.0471	0.9989
L	0.2994	3.3098	1477010463300000	0.0039	2.9999	0.0471	0.9989
R	3.0611	1.5046	1.1006	1477010463700000	0.0509	3.3969	0.1720	0.9851
L	0.2479	3.6020	1477010464100000	0.1473	3.7848	0.2941	0.9558
R	4.4371	1.4597	0.9094	1477010464500000	0.2915	4.1576	0.4115	0.9114
L	0.6504	4.2579	1477010464900000	0.4813	4.5094	0.5225	0.8526
R	4.6985	1.3989	1.1676	1477010465300000	0.7137	4.8347	0.6253	0.7804
L	1.0888	5.0894	1477010465700000	0.9851	5.1282	0.7181	0.6959
R	5.3483	1.3486	0.9170	1477010466100000	1.2911	5.3854	0.7997	0.6004
L	1.6340	5.5581	1477010466500000	1.6269	5.6023	0.8686	0.4954
R	6.2670	1.2368	0.3630	1477010466900000	1.9873	5.7753	0.9239	0.3827
L	2.6046	5.8378	1477010467300000	2.3664	5.9018	0.9646	0.2638
R	6.6760	1.1664	0.8424	1477010467700000	2.7585	5.9798	0.9900	0.1409
L	3.2584	6.0206	1477010468100000	3.1572	6.0080	0.9999	0.0157
R	6.9538	1.0197	0.5988	1477010468500000	3.5564	5.9861	0.9940	-0.1098
L	3.8934	6.0137	1477010468900000	3.9496	5.9142	0.9724	-0.2335
R	7.1043	0.9160	0.1750	1477010469300000	4.3308	5.7937	0.9354	-0.3535
L	4.7260	5.5317	1477010469700000	4.6938	5.6263	0.8838	-0.4680
R	7.4581	0.7735	0.0730	1477010470100000	5.0330	5.4148	0.8181	-0.5750
L	5.3842	5.1937	1477010470500000	5.3430	5.1624	0.7396	-0.6730
R	7.0426	0.6968	0.0584	1477010470900000	5.6189	4.8732	0.6494	-0.7604
L	5.9221	4.4180	1477010471300000	5.8564	4.5516	0.5490	-0.8358
R	7.2854	0.6817	-0.1024	1477010471700000	6.0517	4.2029	0.4399	-0.8980
L	6.1734	3.9181	1477010472100000	6.2018	3.8324	0.3239	-0.9461
R	7.0612	0.4840	-0.5402	1477010472500000	6.3042	3.4460	0.2028	-0.9792
L	6.6194	3.0956	1477010472900000	6.3574	3.0498	0.0784	-0.9969
R	7.0007	0.4253	-0.2426	1477010473300000	6.3606	2.6501	-0.0471	-0.9989
L	6.2755	2.3367	1477010473700000	6.3136	2.2531	-0.1719	-0.9851
R	6.4638	0.2166	-0.4629	1477010474100000	6.2172	1.8651	-0.2941	-0.9558
L	6.0031	1.7590	1477010474500000	6.0730	1.4923	-0.4115	-0.9114
R	5.9548	0.1844	-0.2658	1477010474900000	5.8832	1.1405	-0.5225	-0.8526
L	5.7329	1.1240	1477010475300000	5.6507	0.8153	-0.6253	-0.7804
R	5.3155	0.1036	-0.7659	1477010475700000	5.3794	0.5218	-0.7181	-0.6959
L	4.9464	0.4846	1477010476100000	5.0734	0.2645	-0.7997	-0.6004
R	4.6961	0.0278	-0.4462	1477010476500000	4.7376	0.0477	-0.8686	-0.4955
L	4.4975	-0.1671	1477010476900000	4.3772	-0.1253	-0.9239	-0.3827
R	3.9169	-0.0062	-0.7221	1477010477300000	3.9980	-0.2518	-0.9646	-0.2639
L	3.8376	-0.3309	1477010477700000	3.6060	-0.3298	-0.9900	-0.1409
R	3.6011	-0.1358	-0.5574	1477010478100000	3.2072	-0.3580	-0.9999	-0.0157
L	2.8016	-0.1165	1477010478500000	2.8081	-0.3361	-0.9940	0.1097
R	2.2583	-0.1647	-1.4271	1477010478900000	2.4149	-0.2643	-0.9724	0.2334
L	1.9244	-0.2192	1477010479300000	2.0337	-0.1437	-0.9354	0.3535
R	0.9922	-0.0713	-1.0399	1477010479700000	1.6707	0.0236	-0.8838	0.4679
L	1.5673	0.3618	1477010480100000	1.3315	0.2352	-0.8181	0.5750
R	1.0370	0.4160	-0.2824	1477010480500000	1.0215	0.4875	-0.7396	0.6730
L	0.8342	0.8057	1477010480900000	0.7456	0.7768	-0.6494	0.7604
R	1.4312	1.1159	0.2132	1477010481300000	0.5081	1.0983	-0.5490	0.8358
L	0.2583	1.3007	1477010481700000	0.3128	1.4471	-0.4399	0.8980
R	2.0323	1.4807	0.5229	1477010482100000	0.1627	1.8176	-0.3239	0.9461
L	0.0342	2.2472	1477010482500000	0.0603	2.2040	-0.2028	0.9792
R	2.7604	1.5452	1.2801	1477010482900000	0.0071	2.6002	-0.0785	0.9969
